File Loaded: 			ini.json	Portfolio: 	default
Days of data collected: 	1095
Days of data used: 		1095
Data up to: 			2021-02-18

Holding Table
        CURRENT_QUOTE  ACTUAL_SHARE  ACTUAL_ALLOCATION  ACTUAL_WEIGHT
TICKER                                                               
AAL     17.71          50            885.50             0.072842     
AAPL    129.71         6             778.26             0.064021     
MA      338.46         2             676.92             0.055684     
MSFT    243.79         2             487.58             0.040109     
PYPL    290.81         4             1163.24            0.095690     
V       209.35         2             418.70             0.034443     
VOO     359.25         6             2155.50            0.177314     
XLK     136.25         7             953.75             0.078457     
VV      184.35         1             184.35             0.015165     
UCO     52.70          31            1633.70            0.134390     
USO     40.27          70            2818.90            0.231886     
Actual Initial Investment: 	12156.4
Portfolio Average Return: 	0.03%
*Annualized: 			8.46%
Portfolio stdev: 		2.17%
*Annualized: 			34.48%
Portfolio SR (a): 		0.25
     Daily Return Annualized Return Daily Stdev Annualized Stdev Annual Sharpe Ratio
AAL  -0.05%       -12.50%           4.29%       68.10%           -0.18              
AAPL 0.18%        56.10%            2.22%       35.23%           1.59               
MA   0.12%        33.98%            2.21%       35.12%           0.97               
MSFT 0.16%        48.09%            2.02%       32.05%           1.50               
PYPL 0.21%        68.80%            2.48%       39.31%           1.75               
V    0.09%        26.83%            1.92%       30.48%           0.88               
VOO  0.07%        18.55%            1.46%       23.15%           0.80               
XLK  0.12%        34.04%            1.80%       28.64%           1.19               
VV   0.07%        19.51%            1.46%       23.13%           0.84               
UCO  -0.12%       -27.02%           5.91%       93.75%           -0.29              
USO  -0.07%       -16.40%           3.02%       47.91%           -0.34              

Correlation Matrix
           AAL      AAPL        MA      MSFT      PYPL         V       VOO       XLK        VV       UCO       USO
AAL   1.000000  0.269084  0.424832  0.265951  0.231527  0.408652  0.461822  0.355034  0.457879  0.156882  0.165378
AAPL  0.269084  1.000000  0.660947  0.764810  0.653034  0.666119  0.782788  0.878478  0.783769  0.315294  0.308999
MA    0.424832  0.660947  1.000000  0.753367  0.703482  0.926872  0.835335  0.836412  0.836151  0.345761  0.334211
MSFT  0.265951  0.764810  0.753367  1.000000  0.750708  0.777952  0.855309  0.928649  0.858736  0.320631  0.312727
PYPL  0.231527  0.653034  0.703482  0.750708  1.000000  0.724189  0.720041  0.800301  0.727896  0.278469  0.260442
V     0.408652  0.666119  0.926872  0.777952  0.724189  1.000000  0.864908  0.852600  0.865787  0.335416  0.324831
VOO   0.461822  0.782788  0.835335  0.855309  0.720041  0.864908  1.000000  0.942181  0.998790  0.411788  0.400372
XLK   0.355034  0.878478  0.836412  0.928649  0.800301  0.852600  0.942181  1.000000  0.945128  0.366471  0.353432
VV    0.457879  0.783769  0.836151  0.858736  0.727896  0.865787  0.998790  0.945128  1.000000  0.408928  0.396855
UCO   0.156882  0.315294  0.345761  0.320631  0.278469  0.335416  0.411788  0.366471  0.408928  1.000000  0.976384
USO   0.165378  0.308999  0.334211  0.312727  0.260442  0.324831  0.400372  0.353432  0.396855  0.976384  1.000000


VAR/CVAR
                             a0.05h1   a0.05h7  a0.05h14   a0.01h1   a0.01h7  a0.01h14  a0.001h1  a0.001h7  a0.001h14
VAR Parametric              0.035400  0.094191  0.133340  0.050201  0.133350  0.188718  0.066791  0.177242  0.250792 
VAR Monte Carlo             0.035441  0.094069  0.131535  0.050056  0.132365  0.187832  0.066941  0.174430  0.245318 
VAR Historical Simulation   0.029082  0.095942  0.135811  0.068753  0.169819  0.209267  0.174054  0.232598  0.291687 
CVAR Parametric             0.044475  0.118201  0.167295  0.057560  0.152821  0.216255  0.072803  0.193151  0.273290 
CVAR Historical Simulation  0.055842  0.141297  0.180808  0.107192  0.201785  0.242010  0.174054  0.266866  0.318312 

VAR/CVAR ($)
                               a0.05h1      a0.05h7     a0.05h14      a0.01h1      a0.01h7     a0.01h14     a0.001h1     a0.001h7    a0.001h14
VAR Parametric              430.336560  1145.023472  1620.934376  610.263436   1621.055940  2294.131495  811.938112   2154.624649  3048.727869
VAR Monte Carlo             430.834972  1143.540392  1598.992074  608.500758   1609.081886  2283.360925  813.761572   2120.440852  2982.183735
VAR Historical Simulation   353.532425  1166.309329  1650.972840  835.788969   2064.387692  2543.933359  2115.870046  2827.554327  3545.863847
CVAR Parametric             540.655890  1436.898636  2033.704938  699.722384   1857.753204  2628.882282  885.022389   2348.020816  3322.222556
CVAR Historical Simulation  678.837689  1717.662851  2197.974371  1303.068829  2452.979174  2941.970364  2115.870046  3244.129842  3869.527997